UNITS=INCH
#Layer_Color=9474304
#
#Feature symbol names
#
$0 r5
$1 r6.6666
$2 r4

#
#Feature attribute names
#

#
#Layer features
#
A 6.5899252 2.4304055 6.5899252 2.4304055 6.5779252 2.4304055 2 P 0 N
A 6.5899252 2.5695945 6.5899252 2.5695945 6.5779252 2.5695945 2 P 0 N
A 6.5979252 2.4304055 6.5979252 2.4304055 6.5779252 2.4304055 1 P 0 N
A 6.5979252 2.5695945 6.5979252 2.5695945 6.5779252 2.5695945 1 P 0 N
A 6.6595197 2.5 6.6595197 2.5 6.6475197 2.5 2 P 0 N
A 6.6675197 2.5 6.6675197 2.5 6.6475197 2.5 1 P 0 N
A 6.7291142 2.4304055 6.7291142 2.4304055 6.7171142 2.4304055 2 P 0 N
A 6.7291142 2.5695945 6.7291142 2.5695945 6.7171142 2.5695945 2 P 0 N
A 6.7371142 2.4304055 6.7371142 2.4304055 6.7171142 2.4304055 1 P 0 N
A 6.7371142 2.5695945 6.7371142 2.5695945 6.7171142 2.5695945 1 P 0 N
A 6.7812993 1.6149213 6.7812993 1.6149213 6.7612993 1.6149213 1 P 0 N
A 6.7812993 1.9550787 6.7812993 1.9550787 6.7612993 1.9550787 1 P 0 N
A 6.817 2.5 6.817 2.5 6.805 2.5 2 P 0 N
A 6.825 2.5 6.825 2.5 6.805 2.5 1 P 0 N
L 2.45 1.2466535 2.45 1.2566535 0 P 0
L 2.45 1.2466535 2.46 1.2466535 0 P 0
L 2.45 1.2566535 2.46 1.2666535 0 P 0
L 2.45 1.2766535 2.45 1.2866535 0 P 0
L 2.45 1.2766535 2.46 1.2666535 0 P 0
L 2.45 1.2866535 2.46 1.2866535 0 P 0
L 2.45 1.475 2.45 1.485 0 P 0
L 2.45 1.475 2.46 1.475 0 P 0
L 2.45 1.485 2.46 1.495 0 P 0
L 2.45 1.505 2.45 1.515 0 P 0
L 2.45 1.505 2.46 1.495 0 P 0
L 2.45 1.515 2.46 1.515 0 P 0
L 2.45 1.7394488 2.45 1.7594488 0 P 0
L 2.45 1.7394488 2.46 1.7394488 0 P 0
L 2.45 1.7594488 2.46 1.7594488 0 P 0
L 2.45 2.2705512 2.45 2.2905512 0 P 0
L 2.45 2.2705512 2.46 2.2705512 0 P 0
L 2.45 2.2905512 2.46 2.2905512 0 P 0
L 2.46 1.2466535 2.47 1.2566535 0 P 0
L 2.46 1.2866535 2.47 1.2766535 0 P 0
L 2.46 1.475 2.47 1.485 0 P 0
L 2.46 1.515 2.47 1.505 0 P 0
L 2.46 1.7294488 2.46 1.7394488 0 P 0
L 2.46 1.7294488 2.48 1.7294488 0 P 0
L 2.46 1.7594488 2.46 1.7694488 0 P 0
L 2.46 1.7694488 2.48 1.7694488 0 P 0
L 2.46 2.2605512 2.46 2.2705512 0 P 0
L 2.46 2.2605512 2.48 2.2605512 0 P 0
L 2.46 2.2905512 2.46 2.3005512 0 P 0
L 2.46 2.3005512 2.48 2.3005512 0 P 0
L 2.47 1.2566535 2.48 1.2466535 0 P 0
L 2.47 1.2766535 2.48 1.2866535 0 P 0
L 2.47 1.485 2.48 1.475 0 P 0
L 2.47 1.505 2.48 1.515 0 P 0
L 2.48 1.2466535 2.49 1.2466535 0 P 0
L 2.48 1.2666535 2.49 1.2566535 0 P 0
L 2.48 1.2666535 2.49 1.2766535 0 P 0
L 2.48 1.2866535 2.49 1.2866535 0 P 0
L 2.48 1.475 2.49 1.475 0 P 0
L 2.48 1.495 2.49 1.485 0 P 0
L 2.48 1.495 2.49 1.505 0 P 0
L 2.48 1.515 2.49 1.515 0 P 0
L 2.48 1.7294488 2.48 1.7394488 0 P 0
L 2.48 1.7394488 2.49 1.7394488 0 P 0
L 2.48 1.7594488 2.48 1.7694488 0 P 0
L 2.48 1.7594488 2.49 1.7594488 0 P 0
L 2.48 2.2605512 2.48 2.2705512 0 P 0
L 2.48 2.2705512 2.49 2.2705512 0 P 0
L 2.48 2.2905512 2.48 2.3005512 0 P 0
L 2.48 2.2905512 2.49 2.2905512 0 P 0
L 2.49 1.2466535 2.49 1.2566535 0 P 0
L 2.49 1.2766535 2.49 1.2866535 0 P 0
L 2.49 1.475 2.49 1.485 0 P 0
L 2.49 1.505 2.49 1.515 0 P 0
L 2.49 1.7394488 2.49 1.7594488 0 P 0
L 2.49 2.2705512 2.49 2.2905512 0 P 0
L 2.6389764 1.3568897 2.6389764 1.3668897 0 P 0
L 2.6389764 1.3568897 2.6489764 1.3568897 0 P 0
L 2.6389764 1.3668897 2.6489764 1.3768897 0 P 0
L 2.6389764 1.3868897 2.6389764 1.3968897 0 P 0
L 2.6389764 1.3868897 2.6489764 1.3768897 0 P 0
L 2.6389764 1.3968897 2.6489764 1.3968897 0 P 0
L 2.6489764 1.3568897 2.6589764 1.3668897 0 P 0
L 2.6489764 1.3968897 2.6589764 1.3868897 0 P 0
L 2.6589764 1.3668897 2.6689764 1.3568897 0 P 0
L 2.6589764 1.3868897 2.6689764 1.3968897 0 P 0
L 2.6689764 1.3568897 2.6789764 1.3568897 0 P 0
L 2.6689764 1.3768897 2.6789764 1.3668897 0 P 0
L 2.6689764 1.3768897 2.6789764 1.3868897 0 P 0
L 2.6689764 1.3968897 2.6789764 1.3968897 0 P 0
L 2.6789764 1.3568897 2.6789764 1.3668897 0 P 0
L 2.6789764 1.3868897 2.6789764 1.3968897 0 P 0
L 2.76 1.855 2.77 1.875 0 P 0
L 2.76 1.855 2.78 1.865 0 P 0
L 2.76 1.895 2.77 1.875 0 P 0
L 2.76 1.895 2.78 1.885 0 P 0
L 2.768 1.863 2.774 1.875 0 P 0
L 2.768 1.863 2.78 1.869 0 P 0
L 2.768 1.887 2.774 1.875 0 P 0
L 2.768 1.887 2.78 1.881 0 P 0
L 2.78 1.865 2.8 1.855 0 P 0
L 2.78 1.869 2.792 1.863 0 P 0
L 2.78 1.881 2.792 1.887 0 P 0
L 2.78 1.885 2.8 1.895 0 P 0
L 2.786 1.875 2.792 1.863 0 P 0
L 2.786 1.875 2.792 1.887 0 P 0
L 2.79 1.875 2.8 1.855 0 P 0
L 2.79 1.875 2.8 1.895 0 P 0
L 2.8594167 1.625 2.8694167 1.645 0 P 0
L 2.8594167 1.625 2.8794167 1.635 0 P 0
L 2.8594167 1.665 2.8694167 1.645 0 P 0
L 2.8594167 1.665 2.8794167 1.655 0 P 0
L 2.8674167 1.633 2.8734167 1.645 0 P 0
L 2.8674167 1.633 2.8794167 1.639 0 P 0
L 2.8674167 1.657 2.8734167 1.645 0 P 0
L 2.8674167 1.657 2.8794167 1.651 0 P 0
L 2.8794167 1.635 2.8994167 1.625 0 P 0
L 2.8794167 1.639 2.8914167 1.633 0 P 0
L 2.8794167 1.651 2.8914167 1.657 0 P 0
L 2.8794167 1.655 2.8994167 1.665 0 P 0
L 2.8854167 1.645 2.8914167 1.633 0 P 0
L 2.8854167 1.645 2.8914167 1.657 0 P 0
L 2.8894167 1.645 2.8994167 1.625 0 P 0
L 2.8894167 1.645 2.8994167 1.665 0 P 0
L 3.13 2.09 3.14 2.11 0 P 0
L 3.13 2.09 3.15 2.1 0 P 0
L 3.13 2.13 3.14 2.11 0 P 0
L 3.13 2.13 3.15 2.12 0 P 0
L 3.138 2.098 3.144 2.11 0 P 0
L 3.138 2.098 3.15 2.104 0 P 0
L 3.138 2.122 3.144 2.11 0 P 0
L 3.138 2.122 3.15 2.116 0 P 0
L 3.15 2.1 3.17 2.09 0 P 0
L 3.15 2.104 3.162 2.098 0 P 0
L 3.15 2.116 3.162 2.122 0 P 0
L 3.15 2.12 3.17 2.13 0 P 0
L 3.156 2.11 3.162 2.098 0 P 0
L 3.156 2.11 3.162 2.122 0 P 0
L 3.16 2.11 3.17 2.09 0 P 0
L 3.16 2.11 3.17 2.13 0 P 0
L 3.345 2.155 3.355 2.175 0 P 0
L 3.345 2.155 3.365 2.165 0 P 0
L 3.345 2.195 3.355 2.175 0 P 0
L 3.345 2.195 3.365 2.185 0 P 0
L 3.345 2.43 3.355 2.45 0 P 0
L 3.345 2.43 3.365 2.44 0 P 0
L 3.345 2.47 3.355 2.45 0 P 0
L 3.345 2.47 3.365 2.46 0 P 0
L 3.353 2.163 3.359 2.175 0 P 0
L 3.353 2.163 3.365 2.169 0 P 0
L 3.353 2.187 3.359 2.175 0 P 0
L 3.353 2.187 3.365 2.181 0 P 0
L 3.353 2.438 3.359 2.45 0 P 0
L 3.353 2.438 3.365 2.444 0 P 0
L 3.353 2.462 3.359 2.45 0 P 0
L 3.353 2.462 3.365 2.456 0 P 0
L 3.365 2.165 3.385 2.155 0 P 0
L 3.365 2.169 3.377 2.163 0 P 0
L 3.365 2.181 3.377 2.187 0 P 0
L 3.365 2.185 3.385 2.195 0 P 0
L 3.365 2.44 3.385 2.43 0 P 0
L 3.365 2.444 3.377 2.438 0 P 0
L 3.365 2.456 3.377 2.462 0 P 0
L 3.365 2.46 3.385 2.47 0 P 0
L 3.371 2.175 3.377 2.163 0 P 0
L 3.371 2.175 3.377 2.187 0 P 0
L 3.371 2.45 3.377 2.438 0 P 0
L 3.371 2.45 3.377 2.462 0 P 0
L 3.375 2.175 3.385 2.155 0 P 0
L 3.375 2.175 3.385 2.195 0 P 0
L 3.375 2.45 3.385 2.43 0 P 0
L 3.375 2.45 3.385 2.47 0 P 0
L 3.465 1.71 3.475 1.73 0 P 0
L 3.465 1.71 3.485 1.72 0 P 0
L 3.465 1.75 3.475 1.73 0 P 0
L 3.465 1.75 3.485 1.74 0 P 0
L 3.473 1.718 3.479 1.73 0 P 0
L 3.473 1.718 3.485 1.724 0 P 0
L 3.473 1.742 3.479 1.73 0 P 0
L 3.473 1.742 3.485 1.736 0 P 0
L 3.485 1.72 3.505 1.71 0 P 0
L 3.485 1.724 3.497 1.718 0 P 0
L 3.485 1.736 3.497 1.742 0 P 0
L 3.485 1.74 3.505 1.75 0 P 0
L 3.491 1.73 3.497 1.718 0 P 0
L 3.491 1.73 3.497 1.742 0 P 0
L 3.495 1.73 3.505 1.71 0 P 0
L 3.495 1.73 3.505 1.75 0 P 0
L 3.515 2.285 3.525 2.285 0 P 0
L 3.515 2.285 3.525 2.295 0 P 0
L 3.515 2.305 3.525 2.295 0 P 0
L 3.515 2.305 3.525 2.305 0 P 0
L 3.515 2.385 3.525 2.385 0 P 0
L 3.515 2.385 3.525 2.395 0 P 0
L 3.515 2.405 3.525 2.395 0 P 0
L 3.515 2.405 3.525 2.405 0 P 0
L 3.515 2.485 3.525 2.485 0 P 0
L 3.515 2.485 3.525 2.495 0 P 0
L 3.515 2.505 3.525 2.495 0 P 0
L 3.515 2.505 3.525 2.505 0 P 0
L 3.525 2.285 3.535 2.275 0 P 0
L 3.525 2.305 3.535 2.315 0 P 0
L 3.525 2.385 3.535 2.375 0 P 0
L 3.525 2.405 3.535 2.415 0 P 0
L 3.525 2.485 3.535 2.475 0 P 0
L 3.525 2.505 3.535 2.515 0 P 0
L 3.535 2.275 3.545 2.285 0 P 0
L 3.535 2.315 3.545 2.305 0 P 0
L 3.535 2.375 3.545 2.385 0 P 0
L 3.535 2.415 3.545 2.405 0 P 0
L 3.535 2.475 3.545 2.485 0 P 0
L 3.535 2.515 3.545 2.505 0 P 0
L 3.545 2.285 3.555 2.285 0 P 0
L 3.545 2.295 3.555 2.285 0 P 0
L 3.545 2.295 3.555 2.305 0 P 0
L 3.545 2.305 3.555 2.305 0 P 0
L 3.545 2.385 3.555 2.385 0 P 0
L 3.545 2.395 3.555 2.385 0 P 0
L 3.545 2.395 3.555 2.405 0 P 0
L 3.545 2.405 3.555 2.405 0 P 0
L 3.545 2.485 3.555 2.485 0 P 0
L 3.545 2.495 3.555 2.485 0 P 0
L 3.545 2.495 3.555 2.505 0 P 0
L 3.545 2.505 3.555 2.505 0 P 0
L 3.57 1.42 3.58 1.44 0 P 0
L 3.57 1.42 3.59 1.43 0 P 0
L 3.57 1.46 3.58 1.44 0 P 0
L 3.57 1.46 3.59 1.45 0 P 0
L 3.57 2.125 3.58 2.145 0 P 0
L 3.57 2.125 3.59 2.135 0 P 0
L 3.57 2.165 3.58 2.145 0 P 0
L 3.57 2.165 3.59 2.155 0 P 0
L 3.578 1.428 3.584 1.44 0 P 0
L 3.578 1.428 3.59 1.434 0 P 0
L 3.578 1.452 3.584 1.44 0 P 0
L 3.578 1.452 3.59 1.446 0 P 0
L 3.578 2.133 3.584 2.145 0 P 0
L 3.578 2.133 3.59 2.139 0 P 0
L 3.578 2.157 3.584 2.145 0 P 0
L 3.578 2.157 3.59 2.151 0 P 0
L 3.59 1.43 3.61 1.42 0 P 0
L 3.59 1.434 3.602 1.428 0 P 0
L 3.59 1.446 3.602 1.452 0 P 0
L 3.59 1.45 3.61 1.46 0 P 0
L 3.59 2.135 3.61 2.125 0 P 0
L 3.59 2.139 3.602 2.133 0 P 0
L 3.59 2.151 3.602 2.157 0 P 0
L 3.59 2.155 3.61 2.165 0 P 0
L 3.596 1.44 3.602 1.428 0 P 0
L 3.596 1.44 3.602 1.452 0 P 0
L 3.596 2.145 3.602 2.133 0 P 0
L 3.596 2.145 3.602 2.157 0 P 0
L 3.6 1.44 3.61 1.42 0 P 0
L 3.6 1.44 3.61 1.46 0 P 0
L 3.6 2.145 3.61 2.125 0 P 0
L 3.6 2.145 3.61 2.165 0 P 0
L 3.84 2.28 3.85 2.28 0 P 0
L 3.84 2.28 3.85 2.29 0 P 0
L 3.84 2.3 3.85 2.29 0 P 0
L 3.84 2.3 3.85 2.3 0 P 0
L 3.84 2.38 3.85 2.38 0 P 0
L 3.84 2.38 3.85 2.39 0 P 0
L 3.84 2.4 3.85 2.39 0 P 0
L 3.84 2.4 3.85 2.4 0 P 0
L 3.84 2.48 3.85 2.48 0 P 0
L 3.84 2.48 3.85 2.49 0 P 0
L 3.84 2.5 3.85 2.49 0 P 0
L 3.84 2.5 3.85 2.5 0 P 0
L 3.85 2.28 3.86 2.27 0 P 0
L 3.85 2.3 3.86 2.31 0 P 0
L 3.85 2.38 3.86 2.37 0 P 0
L 3.85 2.4 3.86 2.41 0 P 0
L 3.85 2.48 3.86 2.47 0 P 0
L 3.85 2.5 3.86 2.51 0 P 0
L 3.86 2.27 3.87 2.28 0 P 0
L 3.86 2.31 3.87 2.3 0 P 0
L 3.86 2.37 3.87 2.38 0 P 0
L 3.86 2.41 3.87 2.4 0 P 0
L 3.86 2.47 3.87 2.48 0 P 0
L 3.86 2.51 3.87 2.5 0 P 0
L 3.87 2.28 3.88 2.28 0 P 0
L 3.87 2.29 3.88 2.28 0 P 0
L 3.87 2.29 3.88 2.3 0 P 0
L 3.87 2.3 3.88 2.3 0 P 0
L 3.87 2.38 3.88 2.38 0 P 0
L 3.87 2.39 3.88 2.38 0 P 0
L 3.87 2.39 3.88 2.4 0 P 0
L 3.87 2.4 3.88 2.4 0 P 0
L 3.87 2.48 3.88 2.48 0 P 0
L 3.87 2.49 3.88 2.48 0 P 0
L 3.87 2.49 3.88 2.5 0 P 0
L 3.87 2.5 3.88 2.5 0 P 0
L 4.005 1.905 4.015 1.925 0 P 0
L 4.005 1.905 4.025 1.915 0 P 0
L 4.005 1.945 4.015 1.925 0 P 0
L 4.005 1.945 4.025 1.935 0 P 0
L 4.013 1.913 4.019 1.925 0 P 0
L 4.013 1.913 4.025 1.919 0 P 0
L 4.013 1.937 4.019 1.925 0 P 0
L 4.013 1.937 4.025 1.931 0 P 0
L 4.025 1.915 4.045 1.905 0 P 0
L 4.025 1.919 4.037 1.913 0 P 0
L 4.025 1.931 4.037 1.937 0 P 0
L 4.025 1.935 4.045 1.945 0 P 0
L 4.031 1.925 4.037 1.913 0 P 0
L 4.031 1.925 4.037 1.937 0 P 0
L 4.035 1.925 4.045 1.905 0 P 0
L 4.035 1.925 4.045 1.945 0 P 0
L 4.0694488 2.535 4.0694488 2.555 0 P 0
L 4.0694488 2.535 4.0794488 2.535 0 P 0
L 4.0694488 2.555 4.0794488 2.555 0 P 0
L 4.0794488 2.525 4.0794488 2.535 0 P 0
L 4.0794488 2.525 4.0994488 2.525 0 P 0
L 4.0794488 2.555 4.0794488 2.565 0 P 0
L 4.0794488 2.565 4.0994488 2.565 0 P 0
L 4.0994488 2.525 4.0994488 2.535 0 P 0
L 4.0994488 2.535 4.1094488 2.535 0 P 0
L 4.0994488 2.555 4.0994488 2.565 0 P 0
L 4.0994488 2.555 4.1094488 2.555 0 P 0
L 4.1094488 2.535 4.1094488 2.555 0 P 0
L 4.6005512 2.535 4.6005512 2.555 0 P 0
L 4.6005512 2.535 4.6105512 2.535 0 P 0
L 4.6005512 2.555 4.6105512 2.555 0 P 0
L 4.6105512 2.525 4.6105512 2.535 0 P 0
L 4.6105512 2.525 4.6305512 2.525 0 P 0
L 4.6105512 2.555 4.6105512 2.565 0 P 0
L 4.6105512 2.565 4.6305512 2.565 0 P 0
L 4.6305512 2.525 4.6305512 2.535 0 P 0
L 4.6305512 2.535 4.6405512 2.535 0 P 0
L 4.6305512 2.555 4.6305512 2.565 0 P 0
L 4.6305512 2.555 4.6405512 2.555 0 P 0
L 4.6405512 2.535 4.6405512 2.555 0 P 0
L 4.758262 2.815 4.768262 2.815 0 P 0
L 4.758262 2.815 4.768262 2.825 0 P 0
L 4.758262 2.835 4.768262 2.825 0 P 0
L 4.758262 2.835 4.768262 2.835 0 P 0
L 4.768262 2.815 4.778262 2.805 0 P 0
L 4.768262 2.835 4.778262 2.845 0 P 0
L 4.778262 2.805 4.788262 2.815 0 P 0
L 4.778262 2.845 4.788262 2.835 0 P 0
L 4.788262 2.815 4.798262 2.815 0 P 0
L 4.788262 2.825 4.798262 2.815 0 P 0
L 4.788262 2.825 4.798262 2.835 0 P 0
L 4.788262 2.835 4.798262 2.835 0 P 0
L 4.9551124 2.815 4.9651124 2.815 0 P 0
L 4.9551124 2.815 4.9651124 2.825 0 P 0
L 4.9551124 2.835 4.9651124 2.825 0 P 0
L 4.9551124 2.835 4.9651124 2.835 0 P 0
L 4.9651124 2.815 4.9751124 2.805 0 P 0
L 4.9651124 2.835 4.9751124 2.845 0 P 0
L 4.9751124 2.805 4.9851124 2.815 0 P 0
L 4.9751124 2.845 4.9851124 2.835 0 P 0
L 4.9851124 2.815 4.9951124 2.815 0 P 0
L 4.9851124 2.825 4.9951124 2.815 0 P 0
L 4.9851124 2.825 4.9951124 2.835 0 P 0
L 4.9851124 2.835 4.9951124 2.835 0 P 0
L 5.42 1.955 5.43 1.975 0 P 0
L 5.42 1.955 5.44 1.965 0 P 0
L 5.42 1.995 5.43 1.975 0 P 0
L 5.42 1.995 5.44 1.985 0 P 0
L 5.428 1.963 5.434 1.975 0 P 0
L 5.428 1.963 5.44 1.969 0 P 0
L 5.428 1.987 5.434 1.975 0 P 0
L 5.428 1.987 5.44 1.981 0 P 0
L 5.44 1.965 5.46 1.955 0 P 0
L 5.44 1.969 5.452 1.963 0 P 0
L 5.44 1.981 5.452 1.987 0 P 0
L 5.44 1.985 5.46 1.995 0 P 0
L 5.446 1.975 5.452 1.963 0 P 0
L 5.446 1.975 5.452 1.987 0 P 0
L 5.45 1.975 5.46 1.955 0 P 0
L 5.45 1.975 5.46 1.995 0 P 0
L 5.525 1.325 5.535 1.345 0 P 0
L 5.525 1.325 5.545 1.335 0 P 0
L 5.525 1.365 5.535 1.345 0 P 0
L 5.525 1.365 5.545 1.355 0 P 0
L 5.533 1.333 5.539 1.345 0 P 0
L 5.533 1.333 5.545 1.339 0 P 0
L 5.533 1.357 5.539 1.345 0 P 0
L 5.533 1.357 5.545 1.351 0 P 0
L 5.545 1.335 5.565 1.325 0 P 0
L 5.545 1.339 5.557 1.333 0 P 0
L 5.545 1.351 5.557 1.357 0 P 0
L 5.545 1.355 5.565 1.365 0 P 0
L 5.55 2.09 5.56 2.11 0 P 0
L 5.55 2.09 5.57 2.1 0 P 0
L 5.55 2.13 5.56 2.11 0 P 0
L 5.55 2.13 5.57 2.12 0 P 0
L 5.551 1.345 5.557 1.333 0 P 0
L 5.551 1.345 5.557 1.357 0 P 0
L 5.555 1.345 5.565 1.325 0 P 0
L 5.555 1.345 5.565 1.365 0 P 0
L 5.558 2.098 5.564 2.11 0 P 0
L 5.558 2.098 5.57 2.104 0 P 0
L 5.558 2.122 5.564 2.11 0 P 0
L 5.558 2.122 5.57 2.116 0 P 0
L 5.57 2.1 5.59 2.09 0 P 0
L 5.57 2.104 5.582 2.098 0 P 0
L 5.57 2.116 5.582 2.122 0 P 0
L 5.57 2.12 5.59 2.13 0 P 0
L 5.576 2.11 5.582 2.098 0 P 0
L 5.576 2.11 5.582 2.122 0 P 0
L 5.58 2.11 5.59 2.09 0 P 0
L 5.58 2.11 5.59 2.13 0 P 0
L 5.655 1.94 5.665 1.96 0 P 0
L 5.655 1.94 5.675 1.95 0 P 0
L 5.655 1.98 5.665 1.96 0 P 0
L 5.655 1.98 5.675 1.97 0 P 0
L 5.663 1.948 5.669 1.96 0 P 0
L 5.663 1.948 5.675 1.954 0 P 0
L 5.663 1.972 5.669 1.96 0 P 0
L 5.663 1.972 5.675 1.966 0 P 0
L 5.675 1.95 5.695 1.94 0 P 0
L 5.675 1.954 5.687 1.948 0 P 0
L 5.675 1.966 5.687 1.972 0 P 0
L 5.675 1.97 5.695 1.98 0 P 0
L 5.681 1.96 5.687 1.948 0 P 0
L 5.681 1.96 5.687 1.972 0 P 0
L 5.685 1.96 5.695 1.94 0 P 0
L 5.685 1.96 5.695 1.98 0 P 0
L 5.755 2.3 5.765 2.32 0 P 0
L 5.755 2.3 5.775 2.31 0 P 0
L 5.755 2.34 5.765 2.32 0 P 0
L 5.755 2.34 5.775 2.33 0 P 0
L 5.763 2.308 5.769 2.32 0 P 0
L 5.763 2.308 5.775 2.314 0 P 0
L 5.763 2.332 5.769 2.32 0 P 0
L 5.763 2.332 5.775 2.326 0 P 0
L 5.775 2.31 5.795 2.3 0 P 0
L 5.775 2.314 5.787 2.308 0 P 0
L 5.775 2.326 5.787 2.332 0 P 0
L 5.775 2.33 5.795 2.34 0 P 0
L 5.781 2.32 5.787 2.308 0 P 0
L 5.781 2.32 5.787 2.332 0 P 0
L 5.785 2.32 5.795 2.3 0 P 0
L 5.785 2.32 5.795 2.34 0 P 0
L 5.855 2.09 5.865 2.11 0 P 0
L 5.855 2.09 5.875 2.1 0 P 0
L 5.855 2.13 5.865 2.11 0 P 0
L 5.855 2.13 5.875 2.12 0 P 0
L 5.863 2.098 5.869 2.11 0 P 0
L 5.863 2.098 5.875 2.104 0 P 0
L 5.863 2.122 5.869 2.11 0 P 0
L 5.863 2.122 5.875 2.116 0 P 0
L 5.875 2.1 5.895 2.09 0 P 0
L 5.875 2.104 5.887 2.098 0 P 0
L 5.875 2.116 5.887 2.122 0 P 0
L 5.875 2.12 5.895 2.13 0 P 0
L 5.881 2.11 5.887 2.098 0 P 0
L 5.881 2.11 5.887 2.122 0 P 0
L 5.885 2.11 5.895 2.09 0 P 0
L 5.885 2.11 5.895 2.13 0 P 0
L 6.035 1.97 6.045 1.99 0 P 0
L 6.035 1.97 6.055 1.98 0 P 0
L 6.035 2.01 6.045 1.99 0 P 0
L 6.035 2.01 6.055 2 0 P 0
L 6.043 1.978 6.049 1.99 0 P 0
L 6.043 1.978 6.055 1.984 0 P 0
L 6.043 2.002 6.049 1.99 0 P 0
L 6.043 2.002 6.055 1.996 0 P 0
L 6.055 1.98 6.075 1.97 0 P 0
L 6.055 1.984 6.067 1.978 0 P 0
L 6.055 1.996 6.067 2.002 0 P 0
L 6.055 2 6.075 2.01 0 P 0
L 6.061 1.99 6.067 1.978 0 P 0
L 6.061 1.99 6.067 2.002 0 P 0
L 6.065 1.99 6.075 1.97 0 P 0
L 6.065 1.99 6.075 2.01 0 P 0
L 6.385 1.49 6.395 1.51 0 P 0
L 6.385 1.49 6.405 1.5 0 P 0
L 6.385 1.53 6.395 1.51 0 P 0
L 6.385 1.53 6.405 1.52 0 P 0
L 6.385 1.7115748 6.385 1.7515748 0 P 0
L 6.385 1.7115748 6.425 1.7115748 0 P 0
L 6.385 1.7515748 6.425 1.7515748 0 P 0
L 6.385 1.9084252 6.385 1.9484252 0 P 0
L 6.385 1.9084252 6.425 1.9084252 0 P 0
L 6.385 1.9484252 6.425 1.9484252 0 P 0
L 6.393 1.498 6.399 1.51 0 P 0
L 6.393 1.498 6.405 1.504 0 P 0
L 6.393 1.522 6.399 1.51 0 P 0
L 6.393 1.522 6.405 1.516 0 P 0
L 6.393 1.7195748 6.393 1.7435748 0 P 0
L 6.393 1.7195748 6.417 1.7195748 0 P 0
L 6.393 1.7435748 6.417 1.7435748 0 P 0
L 6.393 1.9164252 6.393 1.9404252 0 P 0
L 6.393 1.9164252 6.417 1.9164252 0 P 0
L 6.393 1.9404252 6.417 1.9404252 0 P 0
L 6.405 1.5 6.425 1.49 0 P 0
L 6.405 1.504 6.417 1.498 0 P 0
L 6.405 1.516 6.417 1.522 0 P 0
L 6.405 1.52 6.425 1.53 0 P 0
L 6.411 1.51 6.417 1.498 0 P 0
L 6.411 1.51 6.417 1.522 0 P 0
L 6.415 1.51 6.425 1.49 0 P 0
L 6.415 1.51 6.425 1.53 0 P 0
L 6.417 1.7195748 6.417 1.7435748 0 P 0
L 6.417 1.9164252 6.417 1.9404252 0 P 0
L 6.425 1.7115748 6.425 1.7515748 0 P 0
L 6.425 1.9084252 6.425 1.9484252 0 P 0
L 6.6275197 2.1947244 6.6375197 2.1947244 0 P 0
L 6.6275197 2.1947244 6.6375197 2.2047244 0 P 0
L 6.6275197 2.2147244 6.6375197 2.2047244 0 P 0
L 6.6275197 2.2147244 6.6375197 2.2147244 0 P 0
L 6.6275197 2.7852756 6.6375197 2.7852756 0 P 0
L 6.6275197 2.7852756 6.6375197 2.7952756 0 P 0
L 6.6275197 2.8052756 6.6375197 2.7952756 0 P 0
L 6.6275197 2.8052756 6.6375197 2.8052756 0 P 0
L 6.6355197 2.1987244 6.6415197 2.1987244 0 P 0
L 6.6355197 2.1987244 6.6415197 2.2047244 0 P 0
L 6.6355197 2.2107244 6.6415197 2.2047244 0 P 0
L 6.6355197 2.2107244 6.6415197 2.2107244 0 P 0
L 6.6355197 2.7892756 6.6415197 2.7892756 0 P 0
L 6.6355197 2.7892756 6.6415197 2.7952756 0 P 0
L 6.6355197 2.8012756 6.6415197 2.7952756 0 P 0
L 6.6355197 2.8012756 6.6415197 2.8012756 0 P 0
L 6.6375197 2.1947244 6.6475197 2.1847244 0 P 0
L 6.6375197 2.2147244 6.6475197 2.2247244 0 P 0
L 6.6375197 2.7852756 6.6475197 2.7752756 0 P 0
L 6.6375197 2.8052756 6.6475197 2.8152756 0 P 0
L 6.6415197 2.1987244 6.6475197 2.1927244 0 P 0
L 6.6415197 2.2107244 6.6475197 2.2167244 0 P 0
L 6.6415197 2.7892756 6.6475197 2.7832756 0 P 0
L 6.6415197 2.8012756 6.6475197 2.8072756 0 P 0
L 6.6475197 2.1847244 6.6575197 2.1947244 0 P 0
L 6.6475197 2.1927244 6.6535197 2.1987244 0 P 0
L 6.6475197 2.2167244 6.6535197 2.2107244 0 P 0
L 6.6475197 2.2247244 6.6575197 2.2147244 0 P 0
L 6.6475197 2.7752756 6.6575197 2.7852756 0 P 0
L 6.6475197 2.7832756 6.6535197 2.7892756 0 P 0
L 6.6475197 2.8072756 6.6535197 2.8012756 0 P 0
L 6.6475197 2.8152756 6.6575197 2.8052756 0 P 0
L 6.65 1.465 6.66 1.485 0 P 0
L 6.65 1.465 6.67 1.475 0 P 0
L 6.65 1.505 6.66 1.485 0 P 0
L 6.65 1.505 6.67 1.495 0 P 0
L 6.65 1.67 6.66 1.69 0 P 0
L 6.65 1.67 6.67 1.68 0 P 0
L 6.65 1.71 6.66 1.69 0 P 0
L 6.65 1.71 6.67 1.7 0 P 0
L 6.6535197 2.1987244 6.6595197 2.1987244 0 P 0
L 6.6535197 2.2047244 6.6595197 2.1987244 0 P 0
L 6.6535197 2.2047244 6.6595197 2.2107244 0 P 0
L 6.6535197 2.2107244 6.6595197 2.2107244 0 P 0
L 6.6535197 2.7892756 6.6595197 2.7892756 0 P 0
L 6.6535197 2.7952756 6.6595197 2.7892756 0 P 0
L 6.6535197 2.7952756 6.6595197 2.8012756 0 P 0
L 6.6535197 2.8012756 6.6595197 2.8012756 0 P 0
L 6.6575197 2.1947244 6.6675197 2.1947244 0 P 0
L 6.6575197 2.2047244 6.6675197 2.1947244 0 P 0
L 6.6575197 2.2047244 6.6675197 2.2147244 0 P 0
L 6.6575197 2.2147244 6.6675197 2.2147244 0 P 0
L 6.6575197 2.7852756 6.6675197 2.7852756 0 P 0
L 6.6575197 2.7952756 6.6675197 2.7852756 0 P 0
L 6.6575197 2.7952756 6.6675197 2.8052756 0 P 0
L 6.6575197 2.8052756 6.6675197 2.8052756 0 P 0
L 6.658 1.473 6.664 1.485 0 P 0
L 6.658 1.473 6.67 1.479 0 P 0
L 6.658 1.497 6.664 1.485 0 P 0
L 6.658 1.497 6.67 1.491 0 P 0
L 6.658 1.678 6.664 1.69 0 P 0
L 6.658 1.678 6.67 1.684 0 P 0
L 6.658 1.702 6.664 1.69 0 P 0
L 6.658 1.702 6.67 1.696 0 P 0
L 6.66 1.86 6.67 1.88 0 P 0
L 6.66 1.86 6.68 1.87 0 P 0
L 6.66 1.9 6.67 1.88 0 P 0
L 6.66 1.9 6.68 1.89 0 P 0
L 6.668 1.868 6.674 1.88 0 P 0
L 6.668 1.868 6.68 1.874 0 P 0
L 6.668 1.892 6.674 1.88 0 P 0
L 6.668 1.892 6.68 1.886 0 P 0
L 6.67 1.475 6.69 1.465 0 P 0
L 6.67 1.479 6.682 1.473 0 P 0
L 6.67 1.491 6.682 1.497 0 P 0
L 6.67 1.495 6.69 1.505 0 P 0
L 6.67 1.68 6.69 1.67 0 P 0
L 6.67 1.684 6.682 1.678 0 P 0
L 6.67 1.696 6.682 1.702 0 P 0
L 6.67 1.7 6.69 1.71 0 P 0
L 6.676 1.485 6.682 1.473 0 P 0
L 6.676 1.485 6.682 1.497 0 P 0
L 6.676 1.69 6.682 1.678 0 P 0
L 6.676 1.69 6.682 1.702 0 P 0
L 6.68 1.485 6.69 1.465 0 P 0
L 6.68 1.485 6.69 1.505 0 P 0
L 6.68 1.69 6.69 1.67 0 P 0
L 6.68 1.69 6.69 1.71 0 P 0
L 6.68 1.87 6.7 1.86 0 P 0
L 6.68 1.874 6.692 1.868 0 P 0
L 6.68 1.886 6.692 1.892 0 P 0
L 6.68 1.89 6.7 1.9 0 P 0
L 6.686 1.88 6.692 1.868 0 P 0
L 6.686 1.88 6.692 1.892 0 P 0
L 6.69 1.88 6.7 1.86 0 P 0
L 6.69 1.88 6.7 1.9 0 P 0
L 6.7609843 1.6512205 6.7609843 1.6912205 0 P 0
L 6.7609843 1.6512205 6.8009843 1.6512205 0 P 0
L 6.7609843 1.6912205 6.8009843 1.6912205 0 P 0
L 6.7609843 1.8787795 6.7609843 1.9187795 0 P 0
L 6.7609843 1.8787795 6.8009843 1.8787795 0 P 0
L 6.7609843 1.9187795 6.8009843 1.9187795 0 P 0
L 6.785 2.2247244 6.805 2.1847244 0 P 0
L 6.785 2.2247244 6.825 2.2247244 0 P 0
L 6.785 2.8152756 6.805 2.7752756 0 P 0
L 6.785 2.8152756 6.825 2.8152756 0 P 0
L 6.793 2.2167244 6.805 2.1927244 0 P 0
L 6.793 2.2167244 6.817 2.2167244 0 P 0
L 6.793 2.8072756 6.805 2.7832756 0 P 0
L 6.793 2.8072756 6.817 2.8072756 0 P 0
L 6.8009843 1.6512205 6.8009843 1.6912205 0 P 0
L 6.8009843 1.8787795 6.8009843 1.9187795 0 P 0
L 6.805 2.1847244 6.825 2.2247244 0 P 0
L 6.805 2.1927244 6.817 2.2167244 0 P 0
L 6.805 2.7752756 6.825 2.8152756 0 P 0
L 6.805 2.7832756 6.817 2.8072756 0 P 0
L 6.87 2 6.88 2.02 0 P 0
L 6.87 2 6.89 2.01 0 P 0
L 6.87 2.04 6.88 2.02 0 P 0
L 6.87 2.04 6.89 2.03 0 P 0
L 6.878 2.008 6.884 2.02 0 P 0
L 6.878 2.008 6.89 2.014 0 P 0
L 6.878 2.032 6.884 2.02 0 P 0
L 6.878 2.032 6.89 2.026 0 P 0
L 6.89 2.01 6.91 2 0 P 0
L 6.89 2.014 6.902 2.008 0 P 0
L 6.89 2.026 6.902 2.032 0 P 0
L 6.89 2.03 6.91 2.04 0 P 0
L 6.896 2.02 6.902 2.008 0 P 0
L 6.896 2.02 6.902 2.032 0 P 0
L 6.9 2.02 6.91 2 0 P 0
L 6.9 2.02 6.91 2.04 0 P 0
L 6.9058661 1.6349213 6.9258661 1.5949213 0 P 0
L 6.9058661 1.6349213 6.9458661 1.6349213 0 P 0
L 6.9058661 1.9750787 6.9258661 1.9350787 0 P 0
L 6.9058661 1.9750787 6.9458661 1.9750787 0 P 0
L 6.9258661 1.5949213 6.9458661 1.6349213 0 P 0
L 6.9258661 1.9350787 6.9458661 1.9750787 0 P 0
