UNITS=INCH
#Layer_Color=32768
#
#Feature symbol names
#
$0 r7.874
$1 r1.9685
$2 r3.937

#
#Feature attribute names
#

#
#Layer features
#
A 6.405 1.6193701 6.405 2.0406299 6.405 1.83 0 P 0 N
A 6.405 2.0406299 6.405 1.6193701 6.405 1.83 0 P 0 N
L 2.2849606 0.9516929 2.2849606 1.5383071 1 P 0
L 2.2849606 0.9516929 2.7022835 0.9516929 1 P 0
L 2.2849606 1.5383071 2.7022835 1.5383071 1 P 0
L 2.450315 1.245 2.489685 1.245 1 P 0
L 2.47 1.225315 2.47 1.264685 1 P 0
L 2.7022835 0.9516929 2.7022835 1.5383071 1 P 0
L 2.8322835 1.4445669 2.8322835 1.5154331 1 P 0
L 2.8322835 1.4445669 2.8677166 1.4445669 1 P 0
L 2.8322835 1.5154331 2.8677166 1.5154331 1 P 0
L 2.8391733 1.48 2.8608268 1.48 2 P 0
L 2.85 1.4691732 2.85 1.4908268 2 P 0
L 2.8677166 1.4445669 2.8677166 1.5154331 1 P 0
L 2.9367323 1.5034646 2.9367323 1.9365354 1 P 0
L 2.9367323 1.5034646 3.4032677 1.5034646 1 P 0
L 2.9367323 1.9365354 3.4032677 1.9365354 1 P 0
L 2.9411811 2.283622 2.9411811 2.436378 0 P 0
L 2.9411811 2.283622 3.2388189 2.283622 0 P 0
L 2.9411811 2.436378 3.2388189 2.436378 0 P 0
L 3.1503149 1.72 3.189685 1.72 2 P 0
L 3.17 1.700315 3.17 1.739685 2 P 0
L 3.2388189 2.283622 3.2388189 2.436378 0 P 0
L 3.4032677 1.5034646 3.4032677 1.9365354 1 P 0
L 3.4393307 2.1824016 3.4393307 2.6075984 1 P 0
L 3.4393307 2.1824016 3.6499606 2.1824016 1 P 0
L 3.4393307 2.6075984 3.6499606 2.6075984 1 P 0
L 3.4400748 1.9016102 3.4400748 2.1183897 0 P 0
L 3.4400748 1.9016102 3.5899252 1.9016102 0 P 0
L 3.4400748 2.1183897 3.5899252 2.1183897 0 P 0
L 3.4933465 1.4583465 3.4933465 1.5685827 1 P 0
L 3.4933465 1.4583465 3.5366535 1.4583465 1 P 0
L 3.4933465 1.5685827 3.5366535 1.5685827 1 P 0
L 3.515315 2.395 3.554685 2.395 2 P 0
L 3.535 2.375315 3.535 2.414685 2 P 0
L 3.5366535 1.4583465 3.5366535 1.5685827 1 P 0
L 3.5899252 1.9016102 3.5899252 2.1183897 0 P 0
L 3.6375197 1.6920086 3.6375197 1.8179914 0 P 0
L 3.6375197 1.6920086 3.7024803 1.6920086 0 P 0
L 3.6375197 1.8179914 3.7024803 1.8179914 0 P 0
L 3.6499606 2.1824016 3.6499606 2.6075984 1 P 0
L 3.7024803 1.6920086 3.7024803 1.8179914 0 P 0
L 3.7643307 2.1774016 3.7643307 2.6025984 1 P 0
L 3.7643307 2.1774016 3.9749606 2.1774016 1 P 0
L 3.7643307 2.6025984 3.9749606 2.6025984 1 P 0
L 3.7714173 1.7537402 3.7714173 2.0962599 1 P 0
L 3.7714173 1.7537402 3.9485827 1.7537402 1 P 0
L 3.7714173 2.0962599 3.9485827 2.0962599 1 P 0
L 3.8403149 1.925 3.879685 1.925 2 P 0
L 3.840315 2.39 3.879685 2.39 2 P 0
L 3.86 1.905315 3.86 1.9446851 2 P 0
L 3.86 2.370315 3.86 2.409685 2 P 0
L 3.9485827 1.7537402 3.9485827 2.0962599 1 P 0
L 3.9749606 2.1774016 3.9749606 2.6025984 1 P 0
L 3.9980708 1.9756299 3.9980708 2.0543701 1 P 0
L 3.9980708 1.9756299 4.1319291 1.9756299 1 P 0
L 3.9980708 2.0543701 4.1319291 2.0543701 1 P 0
L 4.0453149 2.015 4.084685 2.015 2 P 0
L 4.065 1.995315 4.065 2.034685 2 P 0
L 4.1319291 1.9756299 4.1319291 2.0543701 1 P 0
L 4.1479484 1.7187358 4.1479484 1.8312642 0 P 0
L 4.1479484 1.7187358 4.3620516 1.7187358 0 P 0
L 4.1479484 1.8312642 4.3620516 1.8312642 0 P 0
L 4.2059843 2.178622 4.2059843 2.331378 0 P 0
L 4.2059843 2.178622 4.5040157 2.178622 0 P 0
L 4.2059843 2.331378 4.5040157 2.331378 0 P 0
L 4.2170079 1.9844882 4.2170079 2.0455118 0 P 0
L 4.2170079 1.9844882 4.3429921 1.9844882 0 P 0
L 4.2170079 2.0455118 4.3429921 2.0455118 0 P 0
L 4.3429921 1.9844882 4.3429921 2.0455118 0 P 0
L 4.3620516 1.7187358 4.3620516 1.8312642 0 P 0
L 4.5040157 2.178622 4.5040157 2.331378 0 P 0
L 4.6758998 2.6596457 4.6758998 2.9903543 1 P 0
L 4.6758998 2.6596457 5.1010966 2.6596457 1 P 0
L 4.6758998 2.9903543 5.1010966 2.9903543 1 P 0
L 4.8570022 2.825 4.8963722 2.825 2 P 0
L 4.8766872 2.805315 4.8766872 2.844685 2 P 0
L 4.9978346 1.6966535 4.9978346 2.1533465 0 P 0
L 4.9978346 1.6966535 5.3521654 1.6966535 0 P 0
L 4.9978346 2.1533465 5.3521654 2.1533465 0 P 0
L 5.1010966 2.6596457 5.1010966 2.9903543 1 P 0
L 5.3521654 1.6966535 5.3521654 2.1533465 0 P 0
L 5.418622 1.3910236 5.418622 1.7689764 0 P 0
L 5.418622 1.3910236 5.671378 1.3910236 0 P 0
L 5.418622 1.7689764 5.671378 1.7689764 0 P 0
L 5.4252362 2.2031889 5.4252362 2.2583071 0 P 0
L 5.4252362 2.2031889 5.4547638 2.2031889 0 P 0
L 5.4252362 2.2583071 5.4547638 2.2583071 0 P 0
L 5.4547638 2.2031889 5.4547638 2.2583071 0 P 0
L 5.5584646 2.188563 5.5584646 2.771437 0 P 0
L 5.5584646 2.188563 5.9915354 2.188563 0 P 0
L 5.5584646 2.771437 5.9915354 2.771437 0 P 0
L 5.671378 1.3910236 5.671378 1.7689764 0 P 0
L 5.8096811 1.7402323 5.8096811 1.9097677 0 P 0
L 5.8096811 1.7402323 5.9103189 1.7402323 0 P 0
L 5.8096811 1.9097677 5.9103189 1.9097677 0 P 0
L 5.9103189 1.7402323 5.9103189 1.9097677 0 P 0
L 5.9915354 2.188563 5.9915354 2.771437 0 P 0
L 6.0116929 1.8179134 6.0116929 1.9320866 0 P 0
L 6.0116929 1.8179134 6.0983071 1.8179134 0 P 0
L 6.0116929 1.9320866 6.0983071 1.9320866 0 P 0
L 6.0983071 1.8179134 6.0983071 1.9320866 0 P 0
L 6.4779716 1.3894069 6.4779716 1.4705931 0 P 0
L 6.4779716 1.3894069 6.6262327 1.3894069 0 P 0
L 6.4779716 1.4705931 6.6262327 1.4705931 0 P 0
L 6.5346181 2.1122047 6.5346181 2.8877953 0 P 0
L 6.5346181 2.1122047 7.5569685 2.1122047 0 P 0
L 6.5346181 2.8877953 7.5569685 2.8877953 0 P 0
L 6.6262327 1.3894069 6.6262327 1.4705931 0 P 0
L 6.7120866 1.5895276 6.7120866 1.9804724 0 P 0
L 6.7120866 1.5895276 7.0351181 1.5895276 0 P 0
L 6.7120866 1.9804724 7.0351181 1.9804724 0 P 0
L 6.7158694 1.3894069 6.7158694 1.4705931 0 P 0
L 6.7158694 1.3894069 6.8641305 1.3894069 0 P 0
L 6.7158694 1.4705931 6.8641305 1.4705931 0 P 0
L 6.8641305 1.3894069 6.8641305 1.4705931 0 P 0
L 7.0351181 1.5895276 7.0351181 1.9804724 0 P 0
L 7.5569685 2.1122047 7.5569685 2.8877953 0 P 0
