UNITS=INCH
#Layer_Color=16711935
#
#Feature symbol names
#
$0 r5.9055
$1 r3.937
$2 r7.874

#
#Feature attribute names
#

#
#Layer features
#
A 3.0755117 1.8912598 3.0755117 1.8912598 3.0558267 1.8912598 1 P 0 N
A 6.6116929 1.83 6.6116929 1.83 6.405 1.83 0 P 0 N
L 2.2928346 0.9595669 2.2928346 1.530433 1 P 0
L 2.2928346 0.9595669 2.6471654 0.9595669 1 P 0
L 2.2928346 1.530433 2.6471654 1.530433 1 P 0
L 2.6471654 0.9595669 2.6471654 1.530433 1 P 0
L 2.8391733 1.4593307 2.8391733 1.5006693 1 P 0
L 2.8391733 1.4593307 2.8608268 1.4593307 1 P 0
L 2.8391733 1.5006693 2.8608268 1.5006693 1 P 0
L 2.8608268 1.4593307 2.8608268 1.5006693 1 P 0
L 2.96 2.2924016 2.96 2.4275984 2 P 0
L 2.96 2.2924016 3.22 2.2924016 2 P 0
L 2.96 2.4275984 3.22 2.4275984 2 P 0
L 3.0203937 1.5133071 3.0203937 1.9266929 1 P 0
L 3.0203937 1.5133071 3.3196063 1.5133071 1 P 0
L 3.0203937 1.9266929 3.3196063 1.9266929 1 P 0
L 3.22 2.2924016 3.22 2.4275984 2 P 0
L 3.3196063 1.5133071 3.3196063 1.9266929 1 P 0
L 3.4491732 2.1922441 3.4491732 2.5977559 1 P 0
L 3.4491732 2.1922441 3.6401181 2.1922441 1 P 0
L 3.4491732 2.5977559 3.6401181 2.5977559 1 P 0
L 3.4657874 1.9470079 3.4657874 2.0729921 2 P 0
L 3.4657874 1.9470079 3.5642126 1.9470079 2 P 0
L 3.4657874 2.0729921 3.5642126 2.0729921 2 P 0
L 3.5642126 1.9470079 3.5642126 2.0729921 2 P 0
L 3.5909055 2.1922441 3.5909055 2.5977559 1 P 0
L 3.6401181 2.1922441 3.6401181 2.5977559 1 P 0
L 3.6414567 1.7114961 3.6414567 1.7985039 2 P 0
L 3.6414567 1.7114961 3.6985433 1.7114961 2 P 0
L 3.6414567 1.7985039 3.6985433 1.7985039 2 P 0
L 3.6985433 1.7114961 3.6985433 1.7985039 2 P 0
L 3.7741732 2.1872441 3.7741732 2.5927559 1 P 0
L 3.7741732 2.1872441 3.9651181 2.1872441 1 P 0
L 3.7741732 2.5927559 3.9651181 2.5927559 1 P 0
L 3.7930709 1.7970473 3.7930709 2.0529528 1 P 0
L 3.7930709 1.7970473 3.9269291 1.7970473 1 P 0
L 3.7930709 2.0529528 3.9269291 2.0529528 1 P 0
L 3.9159055 2.1872441 3.9159055 2.5927559 1 P 0
L 3.9269291 1.7970473 3.9269291 2.0529528 1 P 0
L 3.9651181 2.1872441 3.9651181 2.5927559 1 P 0
L 4.0216929 1.9864567 4.0216929 2.0435433 1 P 0
L 4.0216929 1.9864567 4.1083071 1.9864567 1 P 0
L 4.0216929 2.0435433 4.1083071 2.0435433 1 P 0
L 4.1083071 1.9864567 4.1083071 2.0435433 1 P 0
L 4.1924016 1.7435039 4.1924016 1.8064961 2 P 0
L 4.1924016 1.7435039 4.3175984 1.7435039 2 P 0
L 4.1924016 1.8064961 4.3175984 1.8064961 2 P 0
L 4.2250001 2.1874016 4.2250001 2.3225984 2 P 0
L 4.2250001 2.1874016 4.485 2.1874016 2 P 0
L 4.2250001 2.3225984 4.485 2.3225984 2 P 0
L 4.2386614 1.9884252 4.2386614 2.0415748 2 P 0
L 4.2386614 1.9884252 4.3213386 1.9884252 2 P 0
L 4.2386614 2.0415748 4.3213386 2.0415748 2 P 0
L 4.3175984 1.7435039 4.3175984 1.8064961 2 P 0
L 4.3213386 1.9884252 4.3213386 2.0415748 2 P 0
L 4.485 2.1874016 4.485 2.3225984 2 P 0
L 4.6798368 2.6635827 4.6798368 2.9864173 1 P 0
L 4.6798368 2.6635827 5.0735376 2.6635827 1 P 0
L 4.6798368 2.9864173 5.0735376 2.9864173 1 P 0
L 5.0076772 1.7576772 5.0076772 2.0923228 2 P 0
L 5.0076772 1.7576772 5.3423228 1.7576772 2 P 0
L 5.0076772 2.0923228 5.3423228 2.0923228 2 P 0
L 5.0735376 2.6635827 5.0735376 2.9864173 1 P 0
L 5.3423228 1.7576772 5.3423228 2.0923228 2 P 0
L 5.4225591 1.4400394 5.4225591 1.7199606 2 P 0
L 5.4225591 1.4400394 5.6674409 1.4400394 2 P 0
L 5.4225591 1.7199606 5.6674409 1.7199606 2 P 0
L 5.4291732 2.2100787 5.4291732 2.2514173 2 P 0
L 5.4291732 2.2100787 5.4508268 2.2100787 2 P 0
L 5.4291732 2.2514173 5.4508268 2.2514173 2 P 0
L 5.4508268 2.2100787 5.4508268 2.2514173 2 P 0
L 5.5700787 2.3674016 5.5700787 2.7174016 2 P 0
L 5.5700787 2.3674016 5.9799213 2.3674016 2 P 0
L 5.5700787 2.7174016 5.9799213 2.7174016 2 P 0
L 5.6674409 1.4400394 5.6674409 1.7199606 2 P 0
L 5.8353937 1.7856299 5.8353937 1.8643701 2 P 0
L 5.8353937 1.7856299 5.8846063 1.7856299 2 P 0
L 5.8353937 1.8643701 5.8846063 1.8643701 2 P 0
L 5.8846063 1.7856299 5.8846063 1.8643701 2 P 0
L 5.9799213 2.3674016 5.9799213 2.7174016 2 P 0
L 6.0156299 1.8218504 6.0156299 1.9281496 2 P 0
L 6.0156299 1.8218504 6.0943701 1.8218504 2 P 0
L 6.0156299 1.9281496 6.0943701 1.9281496 2 P 0
L 6.0943701 1.8218504 6.0943701 1.9281496 2 P 0
L 6.5215903 1.4132677 6.5215903 1.4467323 2 P 0
L 6.5215903 1.4132677 6.5826139 1.4132677 2 P 0
L 6.5215903 1.4467323 6.5826139 1.4467323 2 P 0
L 6.5826139 1.4132677 6.5826139 1.4467323 2 P 0
L 6.6081496 2.1161417 6.6081496 2.8838583 2 P 0
L 6.6081496 2.1161417 7.5530315 2.1161417 2 P 0
L 6.6081496 2.8838583 7.5530315 2.8838583 2 P 0
L 6.7288189 1.5934646 6.7288189 1.9765354 2 P 0
L 6.7288189 1.5934646 7.0311811 1.5934646 2 P 0
L 6.7288189 1.9765354 7.0311811 1.9765354 2 P 0
L 6.7594882 1.4132677 6.7594882 1.4467323 2 P 0
L 6.7594882 1.4132677 6.8205118 1.4132677 2 P 0
L 6.7594882 1.4467323 6.8205118 1.4467323 2 P 0
L 6.8205118 1.4132677 6.8205118 1.4467323 2 P 0
L 7.0311811 1.5934646 7.0311811 1.9765354 2 P 0
L 7.5530315 2.1161417 7.5530315 2.8838583 2 P 0
