UNITS=INCH
#Layer_Color=0
#
#Feature symbol names
#
$0 r3.937

#
#Feature attribute names
#

#
#Layer features
#
L 3.070315 2.36 3.109685 2.36 0 P 0
L 3.09 2.340315 3.09 2.379685 0 P 0
L 3.495315 1.5134646 3.534685 1.5134646 0 P 0
L 3.495315 2.01 3.534685 2.01 0 P 0
L 3.515 1.4937796 3.515 1.5331496 0 P 0
L 3.515 1.990315 3.515 2.029685 0 P 0
L 3.650315 1.755 3.689685 1.755 0 P 0
L 3.67 1.735315 3.67 1.774685 0 P 0
L 4.235315 1.775 4.274685 1.775 0 P 0
L 4.255 1.755315 4.255 1.794685 0 P 0
L 4.260315 2.015 4.299685 2.015 0 P 0
L 4.28 1.995315 4.28 2.034685 0 P 0
L 4.335315 2.255 4.374685 2.255 0 P 0
L 4.355 2.235315 4.355 2.274685 0 P 0
L 5.155315 1.925 5.194685 1.925 0 P 0
L 5.175 1.905315 5.175 1.944685 0 P 0
L 5.420315 2.230748 5.459685 2.230748 0 P 0
L 5.44 2.211063 5.44 2.250433 0 P 0
L 5.525315 1.58 5.564685 1.58 0 P 0
L 5.545 1.560315 5.545 1.599685 0 P 0
L 5.755315 2.48 5.794685 2.48 0 P 0
L 5.775 2.460315 5.775 2.499685 0 P 0
L 5.840315 1.825 5.879685 1.825 0 P 0
L 5.86 1.805315 5.86 1.844685 0 P 0
L 6.035315 1.875 6.074685 1.875 0 P 0
L 6.055 1.855315 6.055 1.894685 0 P 0
L 6.385315 1.83 6.424685 1.83 0 P 0
L 6.405 1.810315 6.405 1.849685 0 P 0
L 6.5324171 1.43 6.5717871 1.43 0 P 0
L 6.5521021 1.410315 6.5521021 1.449685 0 P 0
L 6.6278347 2.5 6.6672047 2.5 0 P 0
L 6.6475197 2.480315 6.6475197 2.519685 0 P 0
L 6.770315 1.43 6.809685 1.43 0 P 0
L 6.79 1.410315 6.79 1.449685 0 P 0
L 6.860315 1.785 6.899685 1.785 0 P 0
L 6.88 1.765315 6.88 1.804685 0 P 0
