UNITS=INCH
#Layer_Color=9474304
#
#Feature symbol names
#
$0 r5

#
#Feature attribute names
#

#
#Layer features
#
L 2.4394882 1.7494488 2.5005118 1.7494488 0 P 0
L 2.4394882 2.2805512 2.5005118 2.2805512 0 P 0
L 2.454252 1.2666535 2.485748 1.2666535 0 P 0
L 2.454252 1.495 2.485748 1.495 0 P 0
L 2.47 1.2509055 2.47 1.2824015 0 P 0
L 2.47 1.479252 2.47 1.510748 0 P 0
L 2.47 1.718937 2.47 1.7799606 0 P 0
L 2.47 2.2500394 2.47 2.311063 0 P 0
L 2.6432284 1.3768897 2.6747244 1.3768897 0 P 0
L 2.6589764 1.3611417 2.6589764 1.3926377 0 P 0
L 2.766 1.875 2.794 1.875 0 P 0
L 2.78 1.861 2.78 1.889 0 P 0
L 2.8654167 1.645 2.8934167 1.645 0 P 0
L 2.8794167 1.631 2.8794167 1.659 0 P 0
L 3.136 2.11 3.164 2.11 0 P 0
L 3.15 2.096 3.15 2.124 0 P 0
L 3.351 2.175 3.379 2.175 0 P 0
L 3.351 2.45 3.379 2.45 0 P 0
L 3.365 2.161 3.365 2.189 0 P 0
L 3.365 2.436 3.365 2.464 0 P 0
L 3.471 1.73 3.499 1.73 0 P 0
L 3.485 1.716 3.485 1.744 0 P 0
L 3.5133465 2.295 3.5566535 2.295 0 P 0
L 3.5133465 2.395 3.5566535 2.395 0 P 0
L 3.5133465 2.495 3.5566535 2.495 0 P 0
L 3.535 2.2733465 3.535 2.3166535 0 P 0
L 3.535 2.3733465 3.535 2.4166535 0 P 0
L 3.535 2.4733465 3.535 2.5166535 0 P 0
L 3.576 1.44 3.604 1.44 0 P 0
L 3.576 2.145 3.604 2.145 0 P 0
L 3.59 1.426 3.59 1.454 0 P 0
L 3.59 2.131 3.59 2.159 0 P 0
L 3.8383465 2.29 3.8816535 2.29 0 P 0
L 3.8383465 2.39 3.8816535 2.39 0 P 0
L 3.8383465 2.49 3.8816535 2.49 0 P 0
L 3.86 2.2683465 3.86 2.3116535 0 P 0
L 3.86 2.3683465 3.86 2.4116535 0 P 0
L 3.86 2.4683465 3.86 2.5116535 0 P 0
L 4.011 1.925 4.039 1.925 0 P 0
L 4.025 1.911 4.025 1.939 0 P 0
L 4.058937 2.545 4.1199606 2.545 0 P 0
L 4.0894488 2.5144882 4.0894488 2.5755118 0 P 0
L 4.5900394 2.545 4.651063 2.545 0 P 0
L 4.6205512 2.5144882 4.6205512 2.5755118 0 P 0
L 4.7566085 2.825 4.7999155 2.825 0 P 0
L 4.778262 2.8033465 4.778262 2.8466535 0 P 0
L 4.9534589 2.825 4.9967659 2.825 0 P 0
L 4.9751124 2.8033465 4.9751124 2.8466535 0 P 0
L 5.426 1.975 5.454 1.975 0 P 0
L 5.44 1.961 5.44 1.989 0 P 0
L 5.531 1.345 5.559 1.345 0 P 0
L 5.545 1.331 5.545 1.359 0 P 0
L 5.556 2.11 5.584 2.11 0 P 0
L 5.57 2.096 5.57 2.124 0 P 0
L 5.661 1.96 5.689 1.96 0 P 0
L 5.675 1.946 5.675 1.974 0 P 0
L 5.761 2.32 5.789 2.32 0 P 0
L 5.775 2.306 5.775 2.334 0 P 0
L 5.861 2.11 5.889 2.11 0 P 0
L 5.875 2.096 5.875 2.124 0 P 0
L 6.041 1.99 6.069 1.99 0 P 0
L 6.055 1.976 6.055 2.004 0 P 0
L 6.389252 1.7315748 6.420748 1.7315748 0 P 0
L 6.389252 1.9284252 6.420748 1.9284252 0 P 0
L 6.391 1.51 6.419 1.51 0 P 0
L 6.405 1.496 6.405 1.524 0 P 0
L 6.405 1.7158268 6.405 1.7473228 0 P 0
L 6.405 1.9126772 6.405 1.9441732 0 P 0
L 6.5523347 2.4304055 6.6035157 2.4304055 0 P 0
L 6.5523347 2.5695945 6.6035157 2.5695945 0 P 0
L 6.5779252 2.404815 6.5779252 2.455996 0 P 0
L 6.5779252 2.544004 6.5779252 2.595185 0 P 0
L 6.5992914 2.2047244 6.695748 2.2047244 0 P 0
L 6.5992914 2.7952756 6.695748 2.7952756 0 P 0
L 6.6219292 2.5 6.6731102 2.5 0 P 0
L 6.6475197 2.1564961 6.6475197 2.2529527 0 P 0
L 6.6475197 2.4744095 6.6475197 2.5255905 0 P 0
L 6.6475197 2.7470473 6.6475197 2.8435039 0 P 0
L 6.656 1.485 6.684 1.485 0 P 0
L 6.656 1.69 6.684 1.69 0 P 0
L 6.666 1.88 6.694 1.88 0 P 0
L 6.67 1.471 6.67 1.499 0 P 0
L 6.67 1.676 6.67 1.704 0 P 0
L 6.68 1.866 6.68 1.894 0 P 0
L 6.6915237 2.4304055 6.7427047 2.4304055 0 P 0
L 6.6915237 2.5695945 6.7427047 2.5695945 0 P 0
L 6.7171142 2.404815 6.7171142 2.455996 0 P 0
L 6.7171142 2.544004 6.7171142 2.595185 0 P 0
L 6.7494883 1.6149213 6.7731103 1.6149213 0 P 0
L 6.7494883 1.9550787 6.7731103 1.9550787 0 P 0
L 6.7498819 2.2047244 6.8601181 2.2047244 0 P 0
L 6.7498819 2.7952756 6.8601181 2.7952756 0 P 0
L 6.7612993 1.6031103 6.7612993 1.6267323 0 P 0
L 6.7612993 1.9432677 6.7612993 1.9668897 0 P 0
L 6.768189 1.6712205 6.7937796 1.6712205 0 P 0
L 6.768189 1.8987795 6.7937796 1.8987795 0 P 0
L 6.7794095 2.5 6.8305905 2.5 0 P 0
L 6.7809843 1.6584252 6.7809843 1.6840158 0 P 0
L 6.7809843 1.8859842 6.7809843 1.9115748 0 P 0
L 6.805 2.1496063 6.805 2.2598425 0 P 0
L 6.805 2.4744095 6.805 2.5255905 0 P 0
L 6.805 2.7401575 6.805 2.8503937 0 P 0
L 6.876 2.02 6.904 2.02 0 P 0
L 6.89 2.006 6.89 2.034 0 P 0
L 6.9140551 1.6149213 6.9376771 1.6149213 0 P 0
L 6.9140551 1.9550787 6.9376771 1.9550787 0 P 0
L 6.9258661 1.6031103 6.9258661 1.6267323 0 P 0
L 6.9258661 1.9432677 6.9258661 1.9668897 0 P 0
